# age bin between 90 and 140 Myrs ago
#     R      phi
#    kpc     deg
   7.5537    1.6833
   8.3745   15.8684
   7.2863   51.2017
   8.6639  -16.2041
   6.8650   20.3277
   5.5444  -49.3084
   8.0932   22.2822
   8.4919  -48.2082
  10.9988   -8.5585
   7.8325   53.5927
  10.6569   -4.7965
   7.6355   -4.8410
  12.6015   94.6046
   7.6691   -1.1525
   8.3058   24.3565
  12.3318   11.9467
   6.5714   -6.1172
   8.5586   67.6080
   6.9939   -2.8852
   7.5316   -1.5356
  10.3788  -16.3185
   6.7789  -29.6334
   9.9457  -33.5294
   9.8586    2.6786
  10.1145 -169.2619
   8.3211    6.3518
   6.8925  -29.0943
   7.7734   40.4448
   7.9469    4.8844
   7.1613   38.5020
   6.5982  -25.5707
   9.0083   63.2972
   7.9716  -11.9789
   6.6889    8.6933
   7.8459   13.2023
   8.4840   33.9123
  10.4689  -19.0628
   7.1659  -31.0253
  13.7394   69.8459
   7.8922   17.2213
   7.3598   20.9933
   6.0925   85.7572
   6.6842   88.7865
  10.0818   -9.5696
   6.7661  -30.1817
   8.1261   25.9644
   8.5264   58.3283
   9.5525  -22.6354
   9.0181   93.5111
   8.2749    8.0299
   8.4138   64.5597
   9.6136   19.6530
   9.7637  -24.5134
   6.8842  -26.2801
  14.3109    5.7085
   9.7664  -19.7948
  10.0468   63.8767
   6.5333  -27.5672
   8.1868   51.1271
   8.4407   63.4090
   6.9074  -19.2346
   7.6497    3.8938
   9.6365   11.9791
   9.8984   24.1616
   8.6707   23.5439
   6.5219   -5.8662
   7.2145   25.5187
   9.2858   52.6125
   8.4436  -29.0589
   8.9200  -24.3435
   6.3378   -6.2598
   7.5877  -27.4887
   6.8497  -28.7246
   7.5993    9.7083
   8.7491   34.9639
   9.8336  -37.2738
   7.8926   -6.8836
   9.7615   81.2440
   8.1442   32.3910
   8.8458    9.7152
  11.5094   79.6264
   8.0337   28.7681
  13.7351   -6.8264
  10.2665   17.6221
   6.7561    8.0893
   6.8144   21.2678
   8.9520   19.9458
   7.6632   -4.8601
   9.1654  -58.6641
   7.7120  -50.0799
   7.4842   19.8348
   7.5426    0.9732
   6.1878   -5.9922
  10.5703   79.2097
  15.0912   85.6693
   8.6127   21.9448
   6.5628   -2.7800
  10.3969   82.9342
   8.8570   40.1093
   6.5589   48.0059
   6.8223   -0.6187
   7.3906  116.5454
   6.9530   -0.8014
  14.0374  -15.7483
  10.1959   11.1350
  13.7541  130.2858
   8.9881   23.1127
   8.4201    4.7058
   8.1682   56.9495
   8.4081   28.9014
   5.7425  -14.8998
   8.9527   58.7115
   7.5507   20.6337
  17.1581   86.9968
  13.4292  104.8214
  12.5720   -1.9121
   9.0913   -1.1836
   9.0269  -12.0553
   7.4193  -42.7206
   7.0862    0.7359
   8.6504   18.9052
   8.6424  -13.8594
   9.0065  -27.1018
   6.5778  -12.4312
  11.7216   10.6800
  11.5259  -33.5885
   7.7624  -65.4221
   7.1458  -34.6516
   7.9371  -10.3019
   8.3743   58.1840
   8.9772   25.0857
   5.1978   38.3479
   4.8157  -23.9247
   6.9436   17.9065
   8.7987   -8.3388
   8.9815   -8.2731
  10.6287   94.9405
   9.1552   18.9226
   4.8556  -76.3520
   7.8698   -1.4926
   7.9041    5.5207
   4.6807   22.0197
   7.7902   -0.8526
   8.3204  -14.7045
   7.8316  -23.9973
   9.5117   56.8635
   9.2360   -8.9255
   9.0910  -48.2983
  10.7380  -17.5685
  10.9900  -35.7176
  11.0006    3.8012
  10.3086   59.0760
  10.8314   40.6990
   8.8637  -15.8742
   7.5441  -14.4856
   7.8830   35.2852
  17.2470  102.5012
   8.3075   46.3578
   8.7646   66.8464
   8.3050   31.5508
   8.5707   54.7948
   6.7947   -3.7172
  11.8220  -45.1172
  10.7186   27.4828
   8.7716   26.3011
   8.4692   40.1479
  10.5941   15.6934
   8.6078   23.9894
   8.8108   47.8514
   7.8675  -40.1320
   7.8464    4.5230
   6.6510   37.4265
   8.5167   11.8198
  10.8022  -33.9220
   8.5283  -42.4000
   8.4759  -55.6566
   8.5881   51.9111
   6.0739  111.8960
   8.4171   41.8540
   7.3134   -4.4619
   9.8427  -11.1889
  11.3142   79.8200
   9.6282   65.4844
  10.1869 -144.9671
  11.3043  -37.1074
   7.9327   15.1206
   7.8043    3.5678
   8.0386   24.5929
   7.2579   -2.9511
   8.8419  -17.3451
  11.6814  -20.8851
   6.8107   -4.7282
   8.3595   38.0109
   7.6192  -10.2223
  13.2348  123.9633
   8.7787   47.1869
   7.9813   17.4733
  13.2227   11.8098
   9.0749   18.9686
   7.5691  -45.2766
   8.2122   23.4944
  13.3971   22.2822
   8.0155   49.9488
  13.4615   47.7167
   8.0832   54.0598
   8.0575   33.1632
   8.1612   24.3614
   6.8419    6.2753
  11.4443  -36.2310
   6.8008  -28.5444
   8.7565   77.3785
   5.5060   19.8698
   7.9262   49.8448
   7.2228  -36.4061
   6.5852   21.6466
  11.5085   18.3652
   7.8120   50.8185
   8.4586   41.7605
   7.4651  -13.7781
   8.3429   35.1662
   7.8137   11.3476
   7.6965    8.6159
  10.0892   76.6510
   7.4268   -1.6556
  13.6641   28.1507
   7.9977   13.9737
   7.9798   29.7421
   9.3441  -10.4166
   7.9895   28.0702
   7.3904    1.3702
   8.2465   30.2223
  10.8050   75.6599
  15.2858   86.0682
  11.5693  119.4209
  11.9765    7.9066
  11.3279   92.1518
   7.9519    2.4901
   7.9308   11.1965
   9.8536   37.6920
   9.7339   27.1143
   8.9052  -58.2962
  10.6854  -13.3498
  11.4492   54.8980
   8.6577   22.7446
  11.4358   51.8904
  11.5206   59.8591
   8.2196   30.4221
  10.2558   29.2186
   8.2433   15.0931
   8.8562   60.1557
   8.3736   -1.7567
   6.8202   -4.7584
  10.5177  176.3758
  12.2932   -0.7779
   7.9267   16.1644
   6.1998   91.8443
   6.6798   -6.3477
   7.5007   -0.8715
   7.5830    6.7411
   6.6119   -6.0175
   9.8877  -30.0057
  11.9492  -10.4251
   7.3679   32.6503
   6.8229   -6.4147
  10.3901  -14.2744
   8.2841   -7.2259
   3.6539  139.6883
   6.9920   -0.3702
  13.4936   76.4015
   6.7325  -31.6843
  11.1109  -19.0734
  10.0746  -20.4909
   8.5608  -11.5093
   7.4245   24.5917
  11.6857  108.7328
   7.5670   23.5730
  13.6017  125.5883
   8.5410   49.8736
  10.7123  -14.9098
  11.0709  -19.6081
   7.1590   65.4814
   9.9954   45.4270
  13.7233   13.6856
   8.7294   37.4567
   9.1710  -11.8752
  10.0966   86.1314
   8.1107   17.7151
   8.1879   27.3543
  11.7132  -36.6832
  10.9867   86.6735
   9.6242   17.0960
   7.4794   -8.7668
  10.4652   32.6845
   9.1285  -19.5989
   9.3785   24.1145
  12.5313  131.0421
  12.3873   52.4138
   8.1255   26.0271
   9.0834   33.7320
   7.8827  -28.5363
   8.9750   54.6897
   8.3387  -12.5111
   7.8074  -26.8148
   9.1885  -61.2929
   9.1150   43.2741
   8.3580  -48.4731
   9.7080  107.7566
  12.5096   45.8312
  10.1249  -17.1644
   7.7101  -28.4702
   8.0602    3.0429
   8.4790   46.7419
   9.6558  -54.8218
   8.0363  -21.1324
   7.2691 -108.4761
   8.3053   27.3565
   9.8705   -8.4961
  10.4517   13.2775
  11.1523  -13.4006
   8.0964  -14.0901
   8.1222   20.1364
  10.3203   -8.3587
  10.7651   59.4386
   8.9921   35.2621
   8.5962    6.3050
   7.7667   12.9294
  10.0365  -32.6093
   7.3786   43.9905
   7.9691   12.6446
   7.6042   21.7054
   9.3754   -4.8171
  10.8796   18.6016
   6.8386   38.2736
   8.2524   -4.6451
   4.4041  156.2786
   8.7004   36.4099
  14.7683   38.9550
  10.9911   33.5727
   8.8863   39.4451
   8.5550   55.5177
   9.6752   60.8418
  10.5897  -28.6595
   9.8525    4.8113
  10.2713  -14.5852
   8.6479   46.9338
   8.0251   32.0417
   5.9432  127.1890
   7.0194  -21.7646
  13.4948   67.4027
   9.0072   55.7938
   8.5036   28.7889
  13.4432  -11.2714
  10.5430   74.6699
  14.7709   36.3152
   7.3309   -9.6376
   7.3959    0.6922
  10.4862    1.6158
  10.3059   21.0537
   7.8944   15.3873
   8.7766   29.4924
   7.9386    4.2069
  13.9330   12.3149
   8.3934   -9.6625
   9.6291  -12.4429
  12.5733 -179.1659
   8.5378  -12.1186
   8.2311 -122.1236
  10.7706   32.3632
   9.5653  -14.3287
  10.1062   -9.2311
   8.9412  -10.6323
   7.9891   29.2543
   6.1011    2.0057
   8.4160  -47.7226
  10.8440   43.1592
  13.2031   17.8392
   7.7642    4.2662
  16.2510   -2.5629
  10.0742  -27.7978
   6.9599    7.0381
   7.2605   -5.5750
   8.7714  104.2625
   9.2499   45.6879
   7.8856   27.0814
   8.6437   83.8857
  10.7921   17.0057
   8.0026  -11.3576
   9.6788  -13.3505
   7.4271   11.6573
  12.9687   64.4828
  11.1515  -18.2113
   8.4997   24.5897
   9.5407   -9.3761
  10.0212   26.2751
   7.9732   23.7465
   6.7316   -4.6660
   8.9473   32.0713
   6.6600  -10.7218
  10.4919   78.0580
   7.5368  -14.5677
  10.9880   74.7134
   5.0118    8.1952
   9.5572  -31.4161
   9.6003   -5.5028
   8.1933   69.2359
   8.2718   53.2522
  13.3969   11.2252
  16.1008   92.7894
  12.3749 -167.4363
  10.7491  -14.7628
   9.6237  -22.5332
   9.0529   36.0401
  19.2478   61.2393
   9.5547  -13.5648
  10.5546   43.0532
   7.4302   75.8910
   8.4517    7.2830
   9.1016   67.7588
   7.4816    6.2988
   8.3779   39.7423
   9.9232   16.5459
   8.0905   14.5227
   9.6180   -3.7492
   5.3774   11.6890
   6.6002   -6.4840
   8.0440   -2.1602
  10.3124   47.0989
   8.4411   20.0902
   7.4769   -4.5705
   9.7028   45.9316
  10.0125   81.8162
   5.2321  -25.7633
   8.8964   38.8886
   6.7963  -39.2860
   6.3603   -9.3994
  10.5459   39.5792
   8.1435   -3.8128
  11.5832  -33.6568
   8.6559   42.9989
  12.0326   51.7603
  12.4636  -12.9822
   7.9862  -14.5834
   8.8292  -17.0591
  19.1834  133.2079
  12.2484   66.1902
  12.2223  -35.6202
  12.9265   66.6222
   9.2897   45.4672
  19.3128   89.7878
  10.7591  124.4522
   8.4373   33.8256
   7.8413   15.7280
  11.8431   88.7165
   9.2190    5.6384
   8.8369   -0.0313
  15.7907  -33.8114
   8.7527   34.4597
  11.0674   20.4195
  13.0633  -18.1181
   8.2456    6.8111
   9.0389   34.4446
   9.9583   31.7609
   8.9831  -49.1823
   8.1772   52.6268
   9.6609  -69.9125
   8.0265  -41.8172
   6.7007   46.7771
   9.2400  -19.8193
  10.0224  -15.6362
   9.5674   47.0690
   6.4164  165.7662
   9.0564   46.5727
  10.6480   18.3935
  11.5528   47.3393
   7.5091    0.3078
   8.8661   38.9601
   8.9390   45.9689
  11.3989  176.5482
  10.7214   27.8948
   9.1999   51.4518
   8.4705   31.8717
  13.8138   38.7957
  12.1753  -49.5935
  10.8079  129.7618
   8.0832   20.7901
  13.5161   -9.7461
   9.5885  -27.5711
   8.0294   16.1735
   8.8877   32.2509
   9.9983  -16.6083
  10.1557  -18.0452
   9.4167  -22.7889
   7.4825   43.8006
   8.6443   63.8608
  11.3067   56.9679
   9.2173    8.7163
   7.1644   24.4665
   7.6156   19.2066
   9.9475   61.5445
  12.9965   21.3767
  12.4246   12.6817
   9.6063   37.7508
   8.2795   26.9545
   9.6436   -8.8718
   9.0441   37.0215
   8.8730  -13.6718
   8.3077   44.1386
   9.5255   64.8378
  13.8729   34.0229
   8.6037   -7.6170
   8.1229   15.7407
   9.6062   64.5013
   9.1689   51.7033
  13.7144   31.7379
  10.1210   10.2115
   8.3624   23.2797
   9.3134   47.6485
   9.5754  -10.4494
  11.2346   66.9473
   9.7626  -26.0438
   9.6525  -73.7831
   6.2723 -120.0858
  10.4196  -13.8018
   9.1030   50.9769
  10.0043   53.3639
  15.2616   44.3385
  12.3770  -12.3705
   9.0163   14.3797
   7.5035   36.1229
   7.9607   26.2403
   8.5693   34.1007
  12.9594  -19.2393
   9.6280  -26.9248
   9.9742   87.0958
   8.3797   24.4440
   8.2130   29.4676
  10.7377   33.8481
   9.1960   27.6054
  10.7643  -20.2979
   9.3513   45.6005
  10.8220   66.4254
  12.0616  -11.0950
  10.1963  -25.2425
  11.4608   88.5412
   7.7084    8.0744
   8.4981  -15.1365
  12.4416  105.9171
  10.0842   70.2056
   8.5555   42.7493
  10.0551  -13.8285
   7.2915  121.0503
   7.3802   11.9375
   9.4550  -15.4637
   9.1368   48.5831
   7.8978  -30.2408
   9.3312 -177.1803
  11.5666  -19.0580
   9.5115  -15.7572
  13.8416   50.4716
   7.9811   -5.4055
  11.1709  -33.2185
  10.2238  -25.2781
   9.7458   47.5002
  15.1314    7.5103
  11.4278   39.5316
   0.9403  -32.8284
  10.7229   59.7248
   6.0487  -43.4507
  10.1703   51.1069
   7.3945   -3.3456
  11.6677  -37.8624
  10.3562   34.9105
   9.7986  102.3521
  10.6255  -19.2373
   7.6818 -166.6519
   9.5639    8.6312
   9.9533  -15.0795
   8.6566   60.1026
   8.7132   36.6421
   5.8762   20.1641
   9.8468  -28.4114
   8.8523  -23.1759
  13.0605   -2.7572
  10.5987   21.9506
  13.8780   37.2552
   8.7778   41.6727
   9.3938   21.1938
   9.2167   46.2016
  12.3733  -18.4057
   7.5674    5.1313
  10.3948   28.3860
  10.6386   -7.4062
  12.3245    7.1275
   9.8117  -24.8690
  10.5906   50.6367
   6.9603    6.4484
  13.7034   51.0725
  11.9010   94.0004
  10.5603   30.9252
  10.3792  -25.8850
   9.2151   33.1990
   8.7540   31.7685
   9.8306   43.1162
   8.9200   55.9255
   9.9017   83.1072
   6.2656 -130.8580
  11.4579   61.8138
  12.9735   73.1392
   8.6171   42.8157
  13.0959   59.0712
  10.6225   22.7074
  11.0262 -179.7515
   9.3281    1.4681
  10.2088  -12.9266
   8.0507   10.2318
   9.4894  -11.3758
   8.5823   61.2151
  16.0237   11.8028
  11.2370   31.0784
  12.9349    3.3722
  13.1631  -37.2522
   9.3377   45.4156
   7.7300    4.1948
   8.0367    9.5642
  11.4666   39.7856
   9.5284   20.6611
  13.1928    7.6141
   8.1932   -3.5968
   7.4774   14.2264
  12.5338  178.6020
  11.0425  -32.3216
   8.1485   50.2833
   4.1220   48.2960
   9.5157   57.5690
  12.9199   56.4973
   8.7606   25.0772
  10.9014   74.6709
  11.2910   62.4130
  14.1981   74.1523
   9.7585   72.4967
   9.9690   79.2113
   9.0043   37.7674
  12.1749   84.5119
  12.4309    7.5119
   8.6955   36.4220
   8.9844   16.1416
  10.6952   15.6837
  10.1596   44.4959
  13.0769   21.9105
  10.8197  -19.7673
   6.9321  -66.6123
  10.6431   -9.3140
   8.7212    0.1521
   9.3150   49.4122
   8.5511    8.6776
   9.5765   28.7051
   8.1748  -44.6628
  19.4514 -140.6924
  12.1166 -178.4217
   9.6887  -35.5827
  13.6589   85.3567
  14.4052   37.1194
  10.9134  -16.2501
   8.3725   26.0200
  11.0594   86.3349
  13.2658    6.0420
  10.3801   22.1017
  12.5284   -1.6645
  11.3931   81.6897
  11.2981   -9.3650
  11.7040   88.4968
  11.5710  -11.3625
  12.1220  -16.6840
  11.8258  118.2711
  10.2475  -11.0976
   8.9771   41.8484
   9.7371   57.9290
  13.6864  -16.1279
   7.8669    3.0197
   8.0873  -15.3157
  11.3161   -5.7974
   8.8167   40.6645
  13.3162   18.7160
  11.1599   63.2316
   9.5617   28.2306
  13.3185   77.6460
  16.7227   94.7473
   8.7010   21.9147
  10.0470  -19.8118
  10.9408  -10.3941
   7.7989    9.7305
   8.8848   65.8560
  11.7175  -37.2530
  10.3386   44.3788
   8.7594   44.8798
  13.9290  128.3675
   7.8119   72.8819
  11.3045    3.2744
  14.5271  -11.8205
  12.1886   80.0800
  13.3515   38.2420
   8.8685   56.5482
   9.6831  -19.6097
   6.5591  -10.5492
  10.6118   65.3960
  13.2348  -16.1744
  11.0473   -7.8075
  11.3403   49.4439
   9.6904   64.4491
  10.4811    8.0595
  13.0928   65.3804
  12.6880   -8.5648
  13.2738   64.7162
  10.0712   56.0620
  10.5515   54.4291
  11.3396   24.4542
  18.0247  -29.3988
  10.5842   26.8511
  10.2034   -2.5047
  11.2380    7.9920
  11.5493    5.1908
  11.1370 -148.4002
  11.6751   86.9892
   7.5844   15.6711
  11.4724   21.7526
  10.2603   33.0162
   9.8095    5.9941
  11.5887   76.3200
  10.6569   30.0003
  15.7672  172.7042
   8.8244   39.7141
  13.7726  -42.9480
   8.7825   59.4304
   8.4317   35.2531
   8.5637   40.4253
  13.5392   29.4648
  10.3453  -10.1186
  13.7866   22.5469
